Iteration 0 :
joint vector : [-0.55389953 -2.64475188  4.87379845  1.45543193  3.71361491  2.08336997]
SE(3) end−effector config : [[ 0.          0.04989697 -0.28226931 -0.09134675]
 [-0.04989697  0.          0.05585582 -0.06584297]
 [ 0.28226931 -0.05585582  0.          0.20292752]
 [ 0.          0.          0.          0.        ]]
Iteration 1 :
joint vector : [-0.16060163 -2.51006616  4.51449858  1.49060644  3.28711133  1.98417946]
SE(3) end−effector config : [[ 0.          0.06395873 -0.04943414 -0.0323188 ]
 [-0.06395873  0.          0.025541   -0.04570292]
 [ 0.04943414 -0.025541    0.          0.00147772]
 [ 0.          0.          0.          0.        ]]
error twist V_b : [-0.025541   -0.04943414 -0.06395873 -0.0323188  -0.04570292  0.00147772]
angular error magnitude ∣∣omega_b∣∣ : 0.08477497417040579
linear error magnitude ∣∣v_b∣∣ : 0.08477497417040579
Iteration 2 :
joint vector : [-0.14068896 -2.49619883  4.55692847  1.09838687  3.27196098  1.58884823]
SE(3) end−effector config : [[ 0.          0.0006885  -0.00227446 -0.00644321]
 [-0.0006885   0.          0.01034119  0.00271491]
 [ 0.00227446 -0.01034119  0.         -0.00085205]
 [ 0.          0.          0.          0.        ]]
error twist V_b : [-0.01034119 -0.00227446 -0.0006885  -0.00644321  0.00271491 -0.00085205]
angular error magnitude ∣∣omega_b∣∣ : 0.010610718235748976
linear error magnitude ∣∣v_b∣∣ : 0.010610718235748976
Iteration 3 :
joint vector : [-0.1427429  -2.47936969  4.5428866   1.07639613  3.28431305  1.56911454]
SE(3) end−effector config : [[ 0.00000000e+00 -1.92467615e-05  2.38902387e-04 -3.14685477e-05]
 [ 1.92467615e-05  0.00000000e+00  2.27006499e-05 -4.87992545e-05]     
 [-2.38902387e-04 -2.27006499e-05  0.00000000e+00 -2.71258657e-05]     
 [ 0.00000000e+00  0.00000000e+00  0.00000000e+00  0.00000000e+00]]    
error twist V_b : [-2.27006499e-05  2.38902387e-04  1.92467615e-05 -3.14685477e-05
 -4.87992545e-05 -2.71258657e-05]
angular error magnitude ∣∣omega_b∣∣ : 0.0002407490557335192
linear error magnitude ∣∣v_b∣∣ : 0.0002407490557335192